16,7
16,1
13,67
13,35
16,8
16,2
13,23
13,5
16,5
13,2
13,1
8,7
8,6
8,5
8,2
8,1
6,6
6,2
6,1
6,5
5,6
5,5
5,2
5,1
2,2
2,1
0,710
0,709
0,708
0,707
0,706
0,705
0,704
0,703
0,702
0,701
0,700
0,699
0,698
0,697
0,696
0,695
0,694
0,693
0,692
0,691
0,690
0,689
0,688
0,687
0,686
0,685
0,684
0,683
0,682
0,681
0,680
0,679
0,678
0,677
0,676
0,675
0,674
0,673
0,672
0,671
0,670
0,669
0,668
0,667
0,666
0,665
0,664
0,663
0,662
0,661
0,660
0,659
0,658
0,657
0,656
0,655
0,654
0,653
0,652
0,651
0,650
0,649
0,648
0,647
0,646
0,645
0,644
0,643
0,642
0,641
0,640
0,639
0,638
0,637
0,636
0,635
0,634
0,633
0,632
0,631
0,630
0,629
0,628
0,627
0,626
0,625
0,624
0,623
0,622
0,621
0,620
0,619
0,618
0,617
0,616
0,615
0,614
0,613
0,612
0,611
0,610
0,609
0,608
0,607
0,606
0,605
0,604
0,603
0,602
0,601
0,600
0,599
0,598
0,507
0,340
0,308
0,305
2,5
0,311
0,310
0,0
0,307
0,306
0,13
0,339
0,11
0,9
77,34
77,33
77,32
77,31
77,30
77,29
77,28
77,27
77,26
77,25
77,24
77,23
77,22
77,21
77,20
77,19
77,18
77,17
77,16
77,15
77,14
77,13
77,12
77,11
77,10
77,9
77,8
77,7
77,6
77,5
77,4
77,3
77,2
77,0
